FSW_1 sets an incomplete canvas for future generations.

FSW_3 generation was mainly used for environmental testing.

FSW_4 generation was modified to include Simulation testing.

FSW_4_9 and above include recovery mode. when retesting these versions it is essential to clear SD card.





























































A message for future generations:
01000100 01001111 01001110 01010100 00100000 
01000110 01000001 01001100 01001100 00100000 
01001001 01001110 01010100 01001111 00100000 
01010100 01001000 01001001 01010011 00100000 
01010100 01010010 01000001 01010000 00101100 
00100000 01001001 01010100 00100000 01010111 
01001001 01001100 01001100 00100000 01010011 
01010101 01000011 01001011 00100000 01001111 
01010101 01010100 00100000 01011001 01001111 
01010101 01010010 00100000 01010011 01001111 
01010101 01001100 00100000 00001010 01010010 
01010101 01001110 00100000 01010010 01010101 
01001110 00100000 01010010 01010101 01001110 
00100000 01010010 01010101 01001110 00100000 
01010010 01010101 01001110 00100000 01010010 
01010101 01001110 00100000 01010010 01010101 
01001110 00100000 01010010 01010101 01001110 
00100000 01010010 01010101 01001110 00100000 
01010010 01010101 01001110 00001010 01010010 
01010101 01001110 00100000 01010010 01010101 
01001110 00100000 01010010 01010101 01001110 
00100000 01010010 01010101 01001110 00100000 
01010010 01010101 01001110 00100000 01010010 
01010101 01001110 00100000 01010010 01010101 
01001110 00100000 01010010 01010101 01001110 
00100000 01010010 01010101 01001110 00100000 
01010010 01010101 01001110 00001010 01010010 
01010101 01001110 00100000 01010010 01010101 
01001110 00100000 01010010 01010101 01001110 
00100000 01010010 01010101 01001110 00100000 
01010010 01010101 01001110 00100000 01010010 
01010101 01001110 00100000 01010010 01010101 
01001110 00100000 01010010 01010101 01001110 
00100000 01010010 01010101 01001110 00100000 
01010010 01010101 01001110 00001010 01010010 
01010101 01001110 00100000 01010010 01010101 
01001110 00100000 01010010 01010101 01001110 
00100000 01010010 01010101 01001110 00100000 
01010010 01010101 01001110 00100000 01010010 
01010101 01001110 00100000 01010010 01010101 
01001110 00100000 01010010 01010101 01001110 
00100000 01010010 01010101 01001110 00100000 
01010010 01010101 01001110 00001010 01010010 
01010101 01001110 00100000 01010111 01001000 
01001001 01001100 01000101 00100000 01011001 
01001111 01010101 00100000 01000011 01000001 
01001110 00100001 00001010 00001010 00001010 
01001000 01000101 01001100 01010000 00100000 
01001101 01000101 00100000 00001010 01001000 
01000101 01001100 01010000 00100000 01001101 
01000101 00100000 00001010 01001000 01000101 
01001100 01010000 00100000 01001101 01000101 
00100000 00001010 01001000 01000101 01001100 
01010000 00100000 01001101 01000101 00100000 
00001010 01001000 01000101 01001100 01010000 
00100000 01001101 01000101 00100000 00001010 
01001000 01000101 01001100 01010000 00100000 
01001101 01000101 00100000 00001010 01001000 
01000101 01001100 01010000 00100000 01001101 
01000101 00100000 00001010 01001000 01000101 
01001100 01010000 00100000 01001101 01000101 
00100000 00001010 01001000 01000101 01001100 
01010000 00100000 01001101 01000101 00100000
